-12.000 0.000 -5.000 169.000000000000000 169.000000000000000 0.000000000000000
-8.000 0.000 -5.000 89.000000000000000 89.000000000000000 0.000000000000000
-4.000 0.000 -5.000 41.000000000000000 41.000000000000000 0.000000000000000
0.000 0.000 -5.000 25.000000000000000 25.000000000000000 0.000000000000000
4.000 0.000 -5.000 41.000000000000000 41.000000000000000 0.000000000000000
8.000 0.000 -5.000 89.000000000000000 89.000000000000000 0.000000000000000
12.000 0.000 -5.000 169.000000000000000 169.000000000000000 0.000000000000000
-12.000 0.000 -2.500 150.250000000000000 150.250000000000000 0.000000000000000
-8.000 0.000 -2.500 70.250000000000000 70.250000000000000 0.000000000000000
-4.000 0.000 -2.500 22.250000000000000 22.250000000000000 0.000000000000000
0.000 0.000 -2.500 6.250000000000000 6.250000000000000 0.000000000000000
4.000 0.000 -2.500 22.250000000000000 22.250000000000000 0.000000000000000
8.000 0.000 -2.500 70.250000000000000 70.250000000000000 0.000000000000000
12.000 0.000 -2.500 150.250000000000000 150.250000000000000 0.000000000000000
-12.000 0.000 0.000 144.000000000000000 144.000000000000000 0.000000000000000
-8.000 0.000 0.000 64.000000000000000 64.000000000000000 0.000000000000000
-4.000 0.000 0.000 16.000000000000000 16.000000000000000 0.000000000000000
0.000 0.000 0.000 0.000000000000000 0.000000000000000 0.000000000000000
4.000 0.000 0.000 16.000000000000000 16.000000000000000 0.000000000000000
8.000 0.000 0.000 64.000000000000000 64.000000000000000 0.000000000000000
12.000 0.000 0.000 144.000000000000000 144.000000000000000 0.000000000000000
-12.000 0.000 2.500 150.250000000000000 150.250000000000000 0.000000000000000
-8.000 0.000 2.500 70.250000000000000 70.250000000000000 0.000000000000000
-4.000 0.000 2.500 22.250000000000000 22.250000000000000 0.000000000000000
0.000 0.000 2.500 6.250000000000000 6.250000000000000 0.000000000000000
4.000 0.000 2.500 22.250000000000000 22.250000000000000 0.000000000000000
8.000 0.000 2.500 70.250000000000000 70.250000000000000 0.000000000000000
12.000 0.000 2.500 150.250000000000000 150.250000000000000 0.000000000000000
-12.000 0.000 5.000 169.000000000000000 169.000000000000000 0.000000000000000
-8.000 0.000 5.000 89.000000000000000 89.000000000000000 0.000000000000000
-4.000 0.000 5.000 41.000000000000000 41.000000000000000 0.000000000000000
0.000 0.000 5.000 25.000000000000000 25.000000000000000 0.000000000000000
4.000 0.000 5.000 41.000000000000000 41.000000000000000 0.000000000000000
8.000 0.000 5.000 89.000000000000000 89.000000000000000 0.000000000000000
12.000 0.000 5.000 169.000000000000000 169.000000000000000 0.000000000000000
-12.000 2.500 -5.000 175.250000000000000 175.250000000000000 0.000000000000000
-8.000 2.500 -5.000 95.250000000000000 95.250000000000000 0.000000000000000
-4.000 2.500 -5.000 47.250000000000000 47.250000000000000 0.000000000000000
0.000 2.500 -5.000 31.250000000000000 31.250000000000000 0.000000000000000
4.000 2.500 -5.000 47.250000000000000 47.250000000000000 0.000000000000000
8.000 2.500 -5.000 95.250000000000000 95.250000000000000 0.000000000000000
12.000 2.500 -5.000 175.250000000000000 175.250000000000000 0.000000000000000
-12.000 2.500 -2.500 156.500000000000000 156.500000000000000 0.000000000000000
-8.000 2.500 -2.500 76.500000000000000 88.571096504505647 12.071096504505647
-4.000 2.500 -2.500 28.500000000000000 38.309807646784833 9.809807646784833
0.000 2.500 -2.500 12.500000000000000 22.811840242730021 10.311840242730021
4.000 2.500 -2.500 28.500000000000000 38.309807646784840 9.809807646784840
8.000 2.500 -2.500 76.500000000000000 88.571096504505618 12.071096504505618
12.000 2.500 -2.500 156.500000000000000 156.500000000000000 0.000000000000000
-12.000 2.500 0.000 150.250000000000000 150.250000000000000 0.000000000000000
-8.000 2.500 0.000 70.250000000000000 81.194815566412629 10.944815566412629
-4.000 2.500 0.000 22.250000000000000 31.317332841989831 9.067332841989831
0.000 2.500 0.000 6.250000000000000 15.688016070043624 9.438016070043624
4.000 2.500 0.000 22.250000000000000 31.317332841989835 9.067332841989835
8.000 2.500 0.000 70.250000000000000 81.194815566412615 10.944815566412615
12.000 2.500 0.000 150.250000000000000 150.250000000000000 0.000000000000000
-12.000 2.500 2.500 156.500000000000000 156.500000000000000 0.000000000000000
-8.000 2.500 2.500 76.500000000000000 88.571096504505633 12.071096504505633
-4.000 2.500 2.500 28.500000000000000 38.309807646784840 9.809807646784840
0.000 2.500 2.500 12.500000000000000 22.811840242730032 10.311840242730032
4.000 2.500 2.500 28.500000000000000 38.309807646784840 9.809807646784840
8.000 2.500 2.500 76.500000000000000 88.571096504505590 12.071096504505590
12.000 2.500 2.500 156.500000000000000 156.500000000000000 0.000000000000000
-12.000 2.500 5.000 175.250000000000000 175.250000000000000 0.000000000000000
-8.000 2.500 5.000 95.250000000000000 95.250000000000000 0.000000000000000
-4.000 2.500 5.000 47.250000000000000 47.250000000000000 0.000000000000000
0.000 2.500 5.000 31.250000000000000 31.250000000000000 0.000000000000000
4.000 2.500 5.000 47.250000000000000 47.250000000000000 0.000000000000000
8.000 2.500 5.000 95.250000000000000 95.250000000000000 0.000000000000000
12.000 2.500 5.000 175.250000000000000 175.250000000000000 0.000000000000000
-12.000 5.000 -5.000 194.000000000000000 194.000000000000000 0.000000000000000
-8.000 5.000 -5.000 114.000000000000000 114.000000000000000 0.000000000000000
-4.000 5.000 -5.000 66.000000000000000 66.000000000000000 0.000000000000000
0.000 5.000 -5.000 50.000000000000000 50.000000000000000 0.000000000000000
4.000 5.000 -5.000 66.000000000000000 66.000000000000000 0.000000000000000
8.000 5.000 -5.000 114.000000000000000 114.000000000000000 0.000000000000000
12.000 5.000 -5.000 194.000000000000000 194.000000000000000 0.000000000000000
-12.000 5.000 -2.500 175.250000000000000 175.250000000000000 0.000000000000000
-8.000 5.000 -2.500 95.250000000000000 106.194815566412558 10.944815566412558
-4.000 5.000 -2.500 47.250000000000000 56.317332841989860 9.067332841989860
0.000 5.000 -2.500 31.250000000000000 40.688016070043609 9.438016070043609
4.000 5.000 -2.500 47.250000000000000 56.317332841989824 9.067332841989824
8.000 5.000 -2.500 95.250000000000000 106.194815566412629 10.944815566412629
12.000 5.000 -2.500 175.250000000000000 175.250000000000000 0.000000000000000
-12.000 5.000 0.000 169.000000000000000 169.000000000000000 0.000000000000000
-8.000 5.000 0.000 89.000000000000000 99.330247951464841 10.330247951464841
-4.000 5.000 0.000 41.000000000000000 49.737899437277115 8.737899437277115
0.000 5.000 0.000 25.000000000000000 34.003083228980238 9.003083228980238
4.000 5.000 0.000 41.000000000000000 49.737899437277129 8.737899437277129
8.000 5.000 0.000 89.000000000000000 99.330247951464841 10.330247951464841
12.000 5.000 0.000 169.000000000000000 169.000000000000000 0.000000000000000
-12.000 5.000 2.500 175.250000000000000 175.250000000000000 0.000000000000000
-8.000 5.000 2.500 95.250000000000000 106.194815566412558 10.944815566412558
-4.000 5.000 2.500 47.250000000000000 56.317332841989860 9.067332841989860
0.000 5.000 2.500 31.250000000000000 40.688016070043609 9.438016070043609
4.000 5.000 2.500 47.250000000000000 56.317332841989845 9.067332841989845
8.000 5.000 2.500 95.250000000000000 106.194815566412629 10.944815566412629
12.000 5.000 2.500 175.250000000000000 175.250000000000000 0.000000000000000
-12.000 5.000 5.000 194.000000000000000 194.000000000000000 0.000000000000000
-8.000 5.000 5.000 114.000000000000000 114.000000000000000 0.000000000000000
-4.000 5.000 5.000 66.000000000000000 66.000000000000000 0.000000000000000
0.000 5.000 5.000 50.000000000000000 50.000000000000000 0.000000000000000
4.000 5.000 5.000 66.000000000000000 66.000000000000000 0.000000000000000
8.000 5.000 5.000 114.000000000000000 114.000000000000000 0.000000000000000
12.000 5.000 5.000 194.000000000000000 194.000000000000000 0.000000000000000
-12.000 7.500 -5.000 225.250000000000000 225.250000000000000 0.000000000000000
-8.000 7.500 -5.000 145.250000000000000 145.250000000000000 0.000000000000000
-4.000 7.500 -5.000 97.250000000000000 97.250000000000000 0.000000000000000
0.000 7.500 -5.000 81.250000000000000 81.250000000000000 0.000000000000000
4.000 7.500 -5.000 97.250000000000000 97.250000000000000 0.000000000000000
8.000 7.500 -5.000 145.250000000000000 145.250000000000000 0.000000000000000
12.000 7.500 -5.000 225.250000000000000 225.250000000000000 0.000000000000000
-12.000 7.500 -2.500 206.500000000000000 206.500000000000000 0.000000000000000
-8.000 7.500 -2.500 126.500000000000000 138.571096504505618 12.071096504505618
-4.000 7.500 -2.500 78.500000000000000 88.309807646784748 9.809807646784748
0.000 7.500 -2.500 62.500000000000000 72.811840242730099 10.311840242730099
4.000 7.500 -2.500 78.500000000000000 88.309807646784762 9.809807646784762
8.000 7.500 -2.500 126.500000000000000 138.571096504505618 12.071096504505618
12.000 7.500 -2.500 206.500000000000000 206.500000000000000 0.000000000000000
-12.000 7.500 0.000 200.250000000000000 200.250000000000000 0.000000000000000
-8.000 7.500 0.000 120.250000000000000 131.194815566412558 10.944815566412558
-4.000 7.500 0.000 72.250000000000000 81.317332841989838 9.067332841989838
0.000 7.500 0.000 56.250000000000000 65.688016070043560 9.438016070043560
4.000 7.500 0.000 72.250000000000000 81.317332841989838 9.067332841989838
8.000 7.500 0.000 120.250000000000000 131.194815566412558 10.944815566412558
12.000 7.500 0.000 200.250000000000000 200.250000000000000 0.000000000000000
-12.000 7.500 2.500 206.500000000000000 206.500000000000000 0.000000000000000
-8.000 7.500 2.500 126.500000000000000 138.571096504505618 12.071096504505618
-4.000 7.500 2.500 78.500000000000000 88.309807646784819 9.809807646784819
0.000 7.500 2.500 62.500000000000000 72.811840242730071 10.311840242730071
4.000 7.500 2.500 78.500000000000000 88.309807646784819 9.809807646784819
8.000 7.500 2.500 126.500000000000000 138.571096504505647 12.071096504505647
12.000 7.500 2.500 206.500000000000000 206.500000000000000 0.000000000000000
-12.000 7.500 5.000 225.250000000000000 225.250000000000000 0.000000000000000
-8.000 7.500 5.000 145.250000000000000 145.250000000000000 0.000000000000000
-4.000 7.500 5.000 97.250000000000000 97.250000000000000 0.000000000000000
0.000 7.500 5.000 81.250000000000000 81.250000000000000 0.000000000000000
4.000 7.500 5.000 97.250000000000000 97.250000000000000 0.000000000000000
8.000 7.500 5.000 145.250000000000000 145.250000000000000 0.000000000000000
12.000 7.500 5.000 225.250000000000000 225.250000000000000 0.000000000000000
-12.000 10.000 -5.000 269.000000000000000 269.000000000000000 0.000000000000000
-8.000 10.000 -5.000 189.000000000000000 189.000000000000000 0.000000000000000
-4.000 10.000 -5.000 141.000000000000000 141.000000000000000 0.000000000000000
0.000 10.000 -5.000 125.000000000000000 125.000000000000000 0.000000000000000
4.000 10.000 -5.000 141.000000000000000 141.000000000000000 0.000000000000000
8.000 10.000 -5.000 189.000000000000000 189.000000000000000 0.000000000000000
12.000 10.000 -5.000 269.000000000000000 269.000000000000000 0.000000000000000
-12.000 10.000 -2.500 250.250000000000000 250.250000000000000 0.000000000000000
-8.000 10.000 -2.500 170.250000000000000 170.250000000000000 0.000000000000000
-4.000 10.000 -2.500 122.250000000000000 122.250000000000000 0.000000000000000
0.000 10.000 -2.500 106.250000000000000 106.250000000000000 0.000000000000000
4.000 10.000 -2.500 122.250000000000000 122.250000000000000 0.000000000000000
8.000 10.000 -2.500 170.250000000000000 170.250000000000000 0.000000000000000
12.000 10.000 -2.500 250.250000000000000 250.250000000000000 0.000000000000000
-12.000 10.000 0.000 244.000000000000000 244.000000000000000 0.000000000000000
-8.000 10.000 0.000 164.000000000000000 164.000000000000000 0.000000000000000
-4.000 10.000 0.000 116.000000000000000 116.000000000000000 0.000000000000000
0.000 10.000 0.000 100.000000000000000 100.000000000000000 0.000000000000000
4.000 10.000 0.000 116.000000000000000 116.000000000000000 0.000000000000000
8.000 10.000 0.000 164.000000000000000 164.000000000000000 0.000000000000000
12.000 10.000 0.000 244.000000000000000 244.000000000000000 0.000000000000000
-12.000 10.000 2.500 250.250000000000000 250.250000000000000 0.000000000000000
-8.000 10.000 2.500 170.250000000000000 170.250000000000000 0.000000000000000
-4.000 10.000 2.500 122.250000000000000 122.250000000000000 0.000000000000000
0.000 10.000 2.500 106.250000000000000 106.250000000000000 0.000000000000000
4.000 10.000 2.500 122.250000000000000 122.250000000000000 0.000000000000000
8.000 10.000 2.500 170.250000000000000 170.250000000000000 0.000000000000000
12.000 10.000 2.500 250.250000000000000 250.250000000000000 0.000000000000000
-12.000 10.000 5.000 269.000000000000000 269.000000000000000 0.000000000000000
-8.000 10.000 5.000 189.000000000000000 189.000000000000000 0.000000000000000
-4.000 10.000 5.000 141.000000000000000 141.000000000000000 0.000000000000000
0.000 10.000 5.000 125.000000000000000 125.000000000000000 0.000000000000000
4.000 10.000 5.000 141.000000000000000 141.000000000000000 0.000000000000000
8.000 10.000 5.000 189.000000000000000 189.000000000000000 0.000000000000000
12.000 10.000 5.000 269.000000000000000 269.000000000000000 0.000000000000000
